465
452
454
467
490
521
557
633
713
800
897
1005
1123
1253
1393
1540
1693
1851
2012
2174
2336
2497
2655
2808
2957
3101
3241
3372
3498
3618
3725
3824
3915
3991
4057
4089
4089
4089
4089
4089
4089
4089
4089
4009
3910
3798
3676
3542
3399
3246
3085
2920
2752
2582
2412
2242
2077
1914
1750
1602
1454
1314
1179
1056
942
836
739
655
587
532
490
464
451
455
468
491
522
562
637
717
806
902
1012
1130
1260
1401
1548
1702
1860
2021
2183
2344
2505
2661
2815
2964
3108
3247
3380
3505
3624
3729
3827
3916
3994
4060
4089
4089
4089
4089
4089
4089
4089
4089
4005
3905
3793
3670
3536
3392
3238
3078
2913
2744
2574
2405
2236
2069
1906
1748
1598
1447
1308
1176
1052
935
832
738
656
583
530
488
463
452
455
469
493
524
566
640
720
808
906
1015
1134
1266
1407
1554
1708
1867
2027
2189
2351
2511
2667
2818
2971
3114
3254
3384
3510
3627
3733
3833
3919
3997
4060
4089
4089
4089
4089
4089
4089
4089
4089
4000
3901
3789
3665
3530
3385
3232
3072
2906
2737
2567
2396
2230
2062
1899
1742
1590
1442
1303
1170
1047
931
828
732
650
582
528
487
462
449
455
469
494
525
569
644
724
813
910
1021
1141
1272
1412
1563
1715
1874
2034
2197
2358
2516
2675
2827
2977
3122
3260
3392
3514
3632
3739
3838
3923
4001
4064
4089
4089
4089
4089
4089
4089
4089
4088
3995
3895
3781
3657
3523
3376
3222
3061
2896
2726
2557
2386
2220
2053
1890
1731
1581
1433
1296
1161
1037
926
822
727
646
578
526
487
462
452
456
471
496
528
574
649
729
820
918
1028
1149
1281
1421
1571
1726
1884
2045
2208
2369
2527
2682
2838
2988
3131
3267
3399
3523
3639
3745
3843
3929
4003
4067
4089
4089
4089
4089
4089
4089
4089
4083
3990
3884
3774
3649
3514
3367
3213
3053
2886
2715
2547
2378
2209
2043
1880
1722
1572
1426
1287
1155
1033
916
815
722
642
574
522
483
460
454
456
472
498
531
578
653
735
825
924
1035
1156
1289
1429
1580
1733
1894
2055
2216
2378
2538
2695
2847
2996
3138
3276
3406
3530
3646
3753
3850
3933
4010
4071
4089
4089
4089
4089
4089
4089
4089
4078
3985
3883
3769
3643
3508
3360
3207
3046
2877
2710
2539
2370
2201
2035
1874
1716
1567
1419
1282
1149
1027
913
813
718
638
572
520
483
459
451
457
473
499
531
581
655
738
828
927
1039
1161
1295
1435
1585
1740
1900
2061
2222
2384
2542
2699
2850
3002
3143
3278
3411
3534
3649
3755
3851
3937
4011
4072
4089
4089
4089
4089
4089
4089
4089
4073
3980
3878
3763
3639
3501
3355
3198
3037
2873
2703
2531
2364
2195
2027
1866
1711
1558
1413
1275
1145
1021
908
806
714
635
569
519
480
459
451
457
474
500
533
583
660
742
833
932
1044
1166
1299
1442
1592
1746
1904
2068
2230
2392
2550
2706
2858
3006
3149
3286
3416
3540
3653
3760
3855
3940
4014
4075
4089
4089
4089
4089
4089
4089
4089
4071
3977
3874
3760
3634
3496
3349
3194
3031
2866
2698
2525
2356
2189
2023
1862
1704
1554
1408
1269
1138
1017
903
802
712
633
566
517
479
458
452
457
474
501
534
586
662
744
836
936
1049
1171
1305
1448
1598
1752
1912
2075
2236
2398
2554
2713
2865
3012
3155
3292
3421
3544
3658
3763
3859
3943
4017
4076
4089
4089
4089
4089
4089
4089
4089
4068
3973
3870
3754
3628
3490
3343
3187
3024
2858
2689
2518
2351
2182
2015
1855
1697
1547
1403
1264
1134
1013
900
798
708
630
564
514
479
457
451
458
475
502
536
589
666
748
839
940
1053
1176
1312
1454
1603
1760
1920
2079
2242
2404
2562
2718
2870
3020
3162
3297
3427
3549
3662
3768
3863
3946
4020
4080
4089
4089
4089
4089
4089
4089
4089
4063
3968
3865
3750
3622
3484
3336
3180
3016
2851
2683
2515
2343
2176
2009
1848
1690
1539
1396
1256
1128
1008
896
795
704
626
561
513
477
458
451
458
476
503
537
593
670
752
844
946
1060
1184
1317
1459
1611
1766
1927
2088
2249
2409
2569
2725
2878
3026
3167
3305
3431
3554
3667
3773
3867
3951
4022
4082
4089
4089
4089
4089
4089
4089
4089
4059
3963
3860
3743
3615
3476
3329
3173
3010
2842
2676
2504
2333
2164
2000
1841
1681
1534
1391
1252
1121
1002
889
790
700
623
560
511
477
457
451
459
478
505
541
597
674
757
849
951
1065
1189
1323
1468
1618
1774
1934
2097
2257
2418
2578
2731
2885
3031
3175
3310
3437
3562
3673
3778
3871
3954
4026
4084
4089
4089
4089
4089
4089
4089
4089
4054
3959
3853
3737
3608
3472
3320
3164
3002
2833
2665
2496
2326
2158
1992
1832
1676
1522
1383
1246
1117
997
885
787
696
619
557
508
474
456
452
462
479
507
541
601
678
762
853
957
1071
1195
1331
1475
1627
1784
1942
2104
2266
2425
2585
2742
2893
3038
3180
3315
3445
3568
3679
3783
3875
3960
4029
4089
4089
4089
4089
4089
4089
4089
4089
4049
3952
3847
3729
3601
3459
3312
3153
2991
2823
2654
2486
2314
2148
1981
1822
1666
1515
1373
1237
1108
990
878
780
690
614
552
506
472
455
452
461
482
509
545
606
682
767
860
964
1079
1205
1342
1485
1636
1793
1954
2116
2276
2437
2595
2751
2903
3049
3190
3326
3453
3574
3686
3789
3881
3964
4033
4089
4089
4089
4089
4089
4089
4089
4089
4044
3949
3842
3723
3595
3453
3304
3146
2982
2817
2647
2478
2307
2140
1975
1816
1662
1511
1367
1231
1103
984
872
775
687
612
552
506
473
455
452
461
481
511
545
